x - первый столбец (Uset)
y - предпоследний столбец (CR)
sigma - последний столбец (CRerr)

Ширина разрешения: 
G18 - 1.9e-05*18500
d2_19_1 - 8.3e-5*19000
h2_19_1 - 8.3e-5*19000


# Описание файлов данных:

## G18 
измерения 2011 года с водородом. Пушка на 18700 В
разрешение - 1.9e-05*18500

***FITTING RESULT***

All function parameters are: 

'N'	= 6546.20 ± 4.5	(0.00000,Infinity)
'bkg'	= 23.390 ± 0.10
'X'	= 0.34592 ± 0.0011
'exPos'	= 12.587 ± 0.049
'ionPos'	= 11.11 ± 0.50
'exW'	= 1.20 ± 0.12
'ionW'	= 11.02 ± 0.68
'exIonRatio'	= 2.43 ± 0.42
'shift'	= 0.00 ± 0.010
'resA'	= 1.9076e-05 ± 1.0e-06
'pos'	= 18699.9598 ± 0.010
'sigma'	= 0.27179 ± 0.010

The best fit values are: 

'exPos'	= 12.587 ± 0.049
'ionPos'	= 11.11 ± 0.50
'exW'	= 1.20 ± 0.12
'ionW'	= 11.02 ± 0.68
'exIonRatio'	= 2.43 ± 0.42

Corellation marix:

exPos     	ionPos    	exW       	ionW      	exIonRatio	

   1.00000	 0.0735505	  0.749466	  0.371184	 0.0128347	
 0.0735505	   1.00000	-0.0664536	  0.891143	  0.912519	
  0.749466	-0.0664536	   1.00000	  0.154271	 -0.310873	
  0.371184	  0.891143	  0.154271	   1.00000	  0.884680	
 0.0128347	  0.912519	 -0.310873	  0.884680	   1.00000	


Chi squared over degrees of freedom: 67.9123/44 = 1.54346

## d2_19_1

Измерения 2014 года с дейтерием.

***FITTING RESULT***

All function parameters are: 

'N'	= 2515.04 ± 7.3	(0.00000,Infinity)
'bkg'	= 5.54 ± 0.22
'X'	= 0.53671 ± 0.0031
'shift'	= -0.03053 ± 0.0031
'exPos'	= 12.756 ± 0.078
'ionPos'	= 14.54 ± 1.2
'exW'	= 1.23 ± 0.20
'ionW'	= 13.16 ± 0.48
'exIonRatio'	= 4.80 ± 0.73

The best fit values are: 

'N'	= 2515.04 ± 7.3	(0.00000,Infinity)
'bkg'	= 5.54 ± 0.22
'X'	= 0.53671 ± 0.0031
'exPos'	= 12.756 ± 0.078
'ionPos'	= 14.54 ± 1.2
'exW'	= 1.23 ± 0.20
'ionW'	= 13.16 ± 0.48
'exIonRatio'	= 4.80 ± 0.73

Corellation marix:

N         	bkg       	X         	exPos     	ionPos    	exW       	ionW      	exIonRatio	

   1.00000	-0.0347529	  0.887025	 -0.885787	 -0.799746	 -0.811285	 -0.151469	 -0.177337	
-0.0347529	   1.00000	 0.0343952	-0.000228156	0.00322625	0.00802050	-0.00802285	-0.00375806	
  0.887025	 0.0343952	   1.00000	 -0.841821	 -0.720178	 -0.656013	 -0.209187	 -0.220711	
 -0.885787	-0.000228156	 -0.841821	   1.00000	  0.611128	  0.728809	  0.246629	  0.127073	
 -0.799746	0.00322625	 -0.720178	  0.611128	   1.00000	  0.465287	  0.174827	  0.593641	
 -0.811285	0.00802050	 -0.656013	  0.728809	  0.465287	   1.00000	0.00445840	 -0.349125	
 -0.151469	-0.00802285	 -0.209187	  0.246629	  0.174827	0.00445840	   1.00000	  0.498188	
 -0.177337	-0.00375806	 -0.220711	  0.127073	  0.593641	 -0.349125	  0.498188	   1.00000	


Chi squared over degrees of freedom: 70.2155/38 = 1.84778

## h2_19_1

Измерения 2014 года с водородом.

***FITTING RESULT***

All function parameters are: 

'N'	= 2446.94 ± 1.9	(0.00000,Infinity)
'bkg'	= 6.75 ± 0.25
'X'	= 0.36396 ± 0.0016
'shift'	= 0.00885 ± 0.0015
'exPos'	= 12.860 ± 0.098
'ionPos'	= 16.62 ± 1.0
'exW'	= 1.71 ± 0.26
'ionW'	= 12.09 ± 0.73
'exIonRatio'	= 4.59 ± 0.59

The best fit values are: 

'N'	= 2446.94 ± 1.9	(0.00000,Infinity)
'bkg'	= 6.75 ± 0.25
'X'	= 0.36396 ± 0.0016
'exPos'	= 12.860 ± 0.098
'ionPos'	= 16.62 ± 1.0
'exW'	= 1.71 ± 0.26
'ionW'	= 12.09 ± 0.73
'exIonRatio'	= 4.59 ± 0.59

Corellation marix:

N         	bkg       	X         	exPos     	ionPos    	exW       	ionW      	exIonRatio	

   1.00000	 -0.130524	  0.478848	 0.0647043	 -0.287591	  0.111068	  0.461805	 -0.139582	
 -0.130524	   1.00000	 0.0633279	-0.000458296	0.00195443	0.00980735	-0.00406595	-0.00588228	
  0.478848	 0.0633279	   1.00000	 0.0185691	-0.0902144	  0.299959	  0.154365	 -0.208159	
 0.0647043	-0.000458296	 0.0185691	   1.00000	  0.419765	  0.707066	  0.133520	-0.0321771	
 -0.287591	0.00195443	-0.0902144	  0.419765	   1.00000	  0.294798	 -0.405751	  0.451802	
  0.111068	0.00980735	  0.299959	  0.707066	  0.294798	   1.00000	 0.0604416	 -0.518792	
  0.461805	-0.00406595	  0.154365	  0.133520	 -0.405751	 0.0604416	   1.00000	  0.139288	
 -0.139582	-0.00588228	 -0.208159	-0.0321771	  0.451802	 -0.518792	  0.139288	   1.00000	


Chi squared over degrees of freedom: 42.9083/38 = 1.12917
